# 20/20 iterations complete ✅ (214988.81s)
# Results saved to /app/runs/detect/tune_DBv3.3_final
# Best fitness=0.73573 observed at iteration 20
# Best fitness metrics are {'metrics/precision(B)': 0.81382, 'metrics/recall(B)': 0.73773, 'metrics/mAP50(B)': 0.81145, 'metrics/mAP50-95(B)': 0.73573, 'val/box_loss': 0.34439, 'val/cls_loss': 0.82968, 'val/dfl_loss': 0.90028, 'fitness': 0.73573}
# Best fitness model is /app/runs/detect/train2
lr0: 0.01599
lrf: 0.00852
momentum: 0.93365
weight_decay: 0.00032
warmup_epochs: 4.87415
warmup_momentum: 0.95
box: 5.97732
cls: 0.57228
dfl: 1.4791
hsv_h: 0.0091
hsv_s: 0.9
hsv_v: 0.29705
degrees: 0.0
translate: 0.08137
scale: 0.34478
shear: 0.0
perspective: 0.0
flipud: 0.0
fliplr: 0.25762
bgr: 0.0
mosaic: 0.80483
mixup: 0.0
cutmix: 0.0
copy_paste: 0.0
close_mosaic: 10.0
