# 58/60 iterations complete ✅ (387977.38s)
# Results saved to /app/runs/detect/tune_DBv3.3_optimizado
# Best fitness=0.74037 observed at iteration 46
# Best fitness metrics are {'metrics/precision(B)': 0.84793, 'metrics/recall(B)': 0.72319, 'metrics/mAP50(B)': 0.81823, 'metrics/mAP50-95(B)': 0.74037, 'val/box_loss': 0.32849, 'val/cls_loss': 0.78412, 'val/dfl_loss': 1.30008, 'fitness': 0.74037}
# Best fitness model is /app/runs/detect/train
lr0: 0.0056
lrf: 0.01969
momentum: 0.93412
weight_decay: 0.0004
warmup_epochs: 4.09514
warmup_momentum: 0.30372
box: 5.69681
cls: 0.56072
dfl: 2.13634
hsv_h: 0.01654
hsv_s: 0.85488
hsv_v: 0.58432
degrees: 0.0
translate: 0.08927
scale: 0.39442
shear: 0.0
perspective: 0.0
flipud: 0.0
fliplr: 0.32289
bgr: 0.0
mosaic: 0.98711
mixup: 0.0
cutmix: 0.0
copy_paste: 0.0
close_mosaic: 10.0
